0.000000000000000000e+00
6.122448979591836593e-02
2.121212121212121271e-01
6.326530612244898322e-01
1.010101010101010083e-01
5.714285714285713969e-01
9.797979797979797789e-01
9.183673469387755306e-01
9.090909090909090606e-01
4.081632653061224164e-02
6.060606060606060774e-02
0.000000000000000000e+00
2.121212121212121271e-01
1.224489795918367319e-01
4.040404040404040747e-02
9.489795918367347483e-01
9.292929292929292817e-01
2.551020408163265363e-01
8.686868686868687295e-01
1.122448979591836732e-01
1.515151515151515194e-01
9.081632653061224580e-01
4.949494949494949725e-01
2.653061224489796088e-01
2.020202020202020374e-02
2.346938775510204189e-01
3.030303030303030387e-01
3.673469387755102233e-01
5.252525252525253041e-01
9.693877551020407823e-01
3.636363636363636465e-01
7.142857142857142461e-02
3.434343434343434254e-01
2.142857142857142738e-01
4.747474747474747514e-01
2.040816326530612082e-02
4.141414141414141437e-01
2.653061224489796088e-01
2.929292929292929282e-01
4.081632653061224164e-02
6.666666666666666297e-01
3.775510204081632404e-01
8.080808080808081495e-02
4.081632653061224164e-02
2.020202020202020166e-01
7.959183673469387710e-01
3.838383838383838120e-01
5.102040816326530726e-01
7.979797979797980112e-01
9.081632653061224580e-01
3.232323232323232598e-01
5.714285714285713969e-01
5.454545454545454142e-01
1.000000000000000000e+00
8.686868686868687295e-01
9.183673469387755584e-02
5.454545454545454142e-01
1.836734693877551117e-01
1.919191919191919060e-01
6.530612244897958663e-01
5.454545454545454142e-01
5.816326530612244694e-01
5.656565656565656353e-01
7.653061224489795533e-01
1.919191919191919060e-01
1.938775510204081565e-01
3.737373737373737570e-01
4.183673469387755306e-01
3.030303030303030387e-02
3.367346938775510057e-01
5.050505050505050414e-02
8.469387755102041337e-01
7.171717171717171269e-01
4.081632653061224164e-02
3.939393939393939226e-01
5.714285714285713969e-01
6.969696969696970168e-01
9.897959183673469274e-01
7.777777777777777901e-01
1.632653061224489666e-01
3.131313131313131493e-01
7.040816326530612290e-01
4.646464646464646409e-01
9.897959183673469274e-01
5.050505050505050830e-01
7.653061224489795533e-01
3.333333333333333148e-01
8.469387755102041337e-01
2.020202020202020166e-01
2.857142857142856984e-01
1.414141414141414088e-01
4.387755102040816202e-01
5.252525252525253041e-01
8.061224489795918435e-01
6.868686868686868507e-01
6.530612244897958663e-01
9.393939393939394478e-01
9.183673469387755584e-02
4.040404040404040747e-02
1.020408163265306145e-01
2.929292929292929282e-01
7.959183673469387710e-01
2.727272727272727071e-01
7.448979591836735192e-01
8.787878787878787845e-01
8.775510204081632404e-01
1.919191919191919060e-01
3.775510204081632404e-01
6.767676767676767957e-01
2.653061224489796088e-01
2.828282828282828176e-01
9.183673469387755306e-01
1.717171717171717127e-01
8.265306122448979886e-01
4.242424242424242542e-01
1.734693877551020391e-01
4.444444444444444198e-01
4.081632653061224580e-01
1.515151515151515194e-01
1.224489795918367319e-01
3.030303030303030387e-02
3.163265306122449161e-01
8.282828282828282873e-01
2.857142857142856984e-01
4.141414141414141437e-01
8.367346938775510612e-01
6.565656565656565746e-01
7.551020408163264808e-01
8.484848484848485084e-01
4.693877551020408379e-01
8.080808080808080662e-01
6.428571428571429047e-01
4.343434343434343647e-01
7.040816326530612290e-01
8.787878787878787845e-01
8.367346938775510612e-01
3.434343434343434254e-01
5.510204081632652517e-01
2.424242424242424310e-01
1.020408163265306145e-01
2.424242424242424310e-01
1.224489795918367319e-01
5.050505050505050830e-01
2.755102040816326259e-01
3.030303030303030387e-02
8.061224489795918435e-01
8.585858585858585634e-01
1.326530612244898044e-01
7.676767676767676241e-01
2.755102040816326259e-01
1.414141414141414088e-01
4.183673469387755306e-01
2.121212121212121271e-01
1.632653061224489666e-01
9.191919191919192267e-01
2.244897959183673464e-01
5.555555555555555802e-01
5.306122448979592177e-01
8.989898989898990056e-01
5.102040816326530726e-01
6.868686868686868507e-01
5.510204081632652517e-01
8.787878787878787845e-01
2.653061224489796088e-01
8.282828282828282873e-01
1.326530612244898044e-01
2.020202020202020374e-02
4.693877551020408379e-01
4.444444444444444198e-01
5.816326530612244694e-01
2.020202020202020374e-02
3.673469387755102233e-01
4.747474747474747514e-01
6.836734693877550839e-01
3.131313131313131493e-01
0.000000000000000000e+00
3.737373737373737570e-01
3.265306122448979331e-01
9.191919191919192267e-01
3.571428571428571508e-01
4.949494949494949725e-01
8.775510204081632404e-01
5.454545454545454142e-01
1.020408163265306041e-02
2.323232323232323204e-01
8.163265306122449161e-01
4.141414141414141437e-01
4.693877551020408379e-01
7.070707070707070441e-02
5.612244897959183243e-01
3.838383838383838120e-01
1.836734693877551117e-01
8.080808080808081495e-02
5.714285714285713969e-01
5.757575757575758013e-01
4.489795918367346927e-01
8.181818181818182323e-01
5.102040816326530726e-01
4.343434343434343647e-01
3.163265306122449161e-01
8.383838383838383423e-01
8.265306122448979886e-01
2.020202020202020374e-02
2.653061224489796088e-01
3.232323232323232598e-01
0.000000000000000000e+00
2.121212121212121271e-01
6.632653061224489388e-01
9.090909090909090606e-01
1.530612244897959218e-01
1.919191919191919060e-01
5.000000000000000000e-01
2.020202020202020374e-02
8.163265306122449161e-01
8.080808080808080662e-01
8.775510204081632404e-01
3.030303030303030387e-02
1.428571428571428492e-01
3.333333333333333148e-01
9.183673469387755306e-01
6.464646464646465196e-01
2.755102040816326259e-01
6.565656565656565746e-01
2.551020408163265363e-01
3.333333333333333148e-01
1.734693877551020391e-01
8.282828282828282873e-01
5.714285714285713969e-01
4.949494949494949725e-01
1.938775510204081565e-01
2.222222222222222099e-01
5.510204081632652517e-01
1.313131313131313260e-01
1.734693877551020391e-01
8.181818181818182323e-01
7.040816326530612290e-01
2.424242424242424310e-01
1.734693877551020391e-01
