0.000000000000000000e+00
2.040816326530612082e-02
0.000000000000000000e+00
2.040816326530612082e-02
3.030303030303030387e-02
0.000000000000000000e+00
2.020202020202020374e-02
3.061224489795918297e-02
9.090909090909091161e-02
4.081632653061224164e-02
0.000000000000000000e+00
1.020408163265306041e-02
0.000000000000000000e+00
1.020408163265306041e-02
5.050505050505050414e-02
0.000000000000000000e+00
0.000000000000000000e+00
2.040816326530612082e-02
1.010101010101010187e-02
4.081632653061224164e-02
4.040404040404040747e-02
1.020408163265306041e-02
1.010101010101010187e-02
2.040816326530612082e-02
1.010101010101010187e-02
2.040816326530612082e-02
1.010101010101010187e-02
1.020408163265306041e-02
1.010101010101010187e-02
0.000000000000000000e+00
1.010101010101010187e-02
2.040816326530612082e-02
7.070707070707070441e-02
1.020408163265306041e-02
0.000000000000000000e+00
4.081632653061224164e-02
7.070707070707070441e-02
1.020408163265306041e-02
2.020202020202020374e-02
1.020408163265306041e-02
3.030303030303030387e-02
2.040816326530612082e-02
6.060606060606060774e-02
9.183673469387755584e-02
8.080808080808081495e-02
3.061224489795918297e-02
4.040404040404040747e-02
7.142857142857142461e-02
4.040404040404040747e-02
1.020408163265306041e-02
1.010101010101010083e-01
8.163265306122448328e-02
0.000000000000000000e+00
0.000000000000000000e+00
3.030303030303030387e-02
2.040816326530612082e-02
3.030303030303030387e-02
7.142857142857142461e-02
2.020202020202020374e-02
2.040816326530612082e-02
4.040404040404040747e-02
1.020408163265306041e-02
1.212121212121212155e-01
9.183673469387755584e-02
3.030303030303030387e-02
4.081632653061224164e-02
1.010101010101010187e-02
3.061224489795918297e-02
6.060606060606060774e-02
3.061224489795918297e-02
4.040404040404040747e-02
5.102040816326530726e-02
1.212121212121212155e-01
9.183673469387755584e-02
5.050505050505050414e-02
1.836734693877551117e-01
4.040404040404040747e-02
1.224489795918367319e-01
1.111111111111111049e-01
7.142857142857142461e-02
3.030303030303030387e-02
8.163265306122448328e-02
1.616161616161616299e-01
1.326530612244898044e-01
0.000000000000000000e+00
1.020408163265306041e-02
0.000000000000000000e+00
8.163265306122448328e-02
3.030303030303030387e-02
5.102040816326530726e-02
4.040404040404040747e-02
3.061224489795918297e-02
1.919191919191919060e-01
1.326530612244898044e-01
1.212121212121212155e-01
1.020408163265306145e-01
2.020202020202020374e-02
8.163265306122448328e-02
1.111111111111111049e-01
7.142857142857142461e-02
1.313131313131313260e-01
1.224489795918367319e-01
1.515151515151515194e-01
0.000000000000000000e+00
1.212121212121212155e-01
1.530612244897959218e-01
6.060606060606060774e-02
1.122448979591836732e-01
0.000000000000000000e+00
9.183673469387755584e-02
9.090909090909091161e-02
5.102040816326530726e-02
7.070707070707070441e-02
2.551020408163265363e-01
6.060606060606060774e-02
1.122448979591836732e-01
1.818181818181818232e-01
1.632653061224489666e-01
1.717171717171717127e-01
1.020408163265306041e-02
4.040404040404040747e-02
2.040816326530612082e-02
1.111111111111111049e-01
1.734693877551020391e-01
1.010101010101010187e-02
6.122448979591836593e-02
6.060606060606060774e-02
1.020408163265306145e-01
1.616161616161616299e-01
1.224489795918367319e-01
1.717171717171717127e-01
1.020408163265306041e-02
1.919191919191919060e-01
1.224489795918367319e-01
1.919191919191919060e-01
1.734693877551020391e-01
3.333333333333333148e-01
1.122448979591836732e-01
1.818181818181818232e-01
7.142857142857142461e-02
2.020202020202020374e-02
2.346938775510204189e-01
2.121212121212121271e-01
4.081632653061224164e-02
3.636363636363636465e-01
8.163265306122448328e-02
1.818181818181818232e-01
2.857142857142856984e-01
1.515151515151515194e-01
5.102040816326530726e-02
5.151515151515151381e-01
2.551020408163265363e-01
2.626262626262626521e-01
3.265306122448979331e-01
2.424242424242424310e-01
1.224489795918367319e-01
3.030303030303030387e-02
5.102040816326530726e-02
1.212121212121212155e-01
9.693877551020407823e-01
3.636363636363636465e-01
1.020408163265306145e-01
2.525252525252525415e-01
3.877551020408163129e-01
2.222222222222222099e-01
8.163265306122448328e-02
3.030303030303030387e-01
1.734693877551020391e-01
3.939393939393939226e-01
2.244897959183673464e-01
1.212121212121212155e-01
2.040816326530612082e-02
1.010101010101010187e-02
6.020408163265306145e-01
8.686868686868687295e-01
1.632653061224489666e-01
2.828282828282828176e-01
0.000000000000000000e+00
3.939393939393939226e-01
3.877551020408163129e-01
1.717171717171717127e-01
6.428571428571429047e-01
5.555555555555555802e-01
3.979591836734693855e-01
4.242424242424242542e-01
1.122448979591836732e-01
2.626262626262626521e-01
1.836734693877551117e-01
2.121212121212121271e-01
6.020408163265306145e-01
4.141414141414141437e-01
8.367346938775510612e-01
3.030303030303030387e-01
1.938775510204081565e-01
4.040404040404040747e-02
3.469387755102040782e-01
2.626262626262626521e-01
9.285714285714286031e-01
2.121212121212121271e-01
1.326530612244898044e-01
1.313131313131313260e-01
1.836734693877551117e-01
1.010101010101010083e-01
3.877551020408163129e-01
0.000000000000000000e+00
1.122448979591836732e-01
3.636363636363636465e-01
5.102040816326530726e-02
4.848484848484848619e-01
5.612244897959183243e-01
1.010101010101010187e-02
9.183673469387755584e-02
1.414141414141414088e-01
1.938775510204081565e-01
1.111111111111111049e-01
3.469387755102040782e-01
1.313131313131313260e-01
8.265306122448979886e-01
3.030303030303030387e-01
7.959183673469387710e-01
5.454545454545454142e-01
6.122448979591836593e-02
1.010101010101010187e-02
4.183673469387755306e-01
3.535353535353535359e-01
2.959183673469387710e-01
7.171717171717171269e-01
6.734693877551020114e-01
9.696969696969697239e-01
2.959183673469387710e-01
3.535353535353535359e-01
2.040816326530612082e-02
1.313131313131313260e-01
4.897959183673469274e-01
9.898989898989899450e-01
3.061224489795918297e-02
5.353535353535353591e-01
2.040816326530612082e-02
